AccI	241 267 3545 5702 6407 
AflIII	190 280 2592 3120 5359 6108 6434 
Alw44I	535 1032 2278 5095 
ApaI	3000 4991 
AseI	1529 2764 2823 3630 
Asp718I	2990 
AvaI	123 4146 5615 
BamHI	3813 
BclI	6507 
BglI	1586 
BglII	5861 
BpmI	1635 4059 4347 4416 4467 5013 6486 
BpuAI	3413 
BsaAI	193 3856 4642 5360 
BstBI	7189 
BstXI	5908 6312 
Bsu36I	4631 
ClaI	3015 6503 6671 
DraI	309 1126 1818 1837 5713 5732 6199 6822 7140 
DrdI	621 2490 4377 5088 
EaeI	1311 2753 3847 4223 5413 5898 6034 
EagI	3847 
Eco47III	6816 7435 
EcoRI	3032 
EcoRV	3028 4976 
FspI	1481 5948 7054 
HaeII	2352 2722 4108 4164 6818 7437 
HincII	4382 4918 6642 
HindII	4382 4918 6642 
HindIII	3020 5283 5317 
KpnI	2994 
KspI	4035 4223 
MfeI	4339 
MluI	6108 
MluNI	5415 
MscI	5415 
MunI	4339 
NaeI	3901 6579 
NarI	4105 
NcoI	6248 
NdeI	390 3761 3824 
NsiI	208 
PaeI	3328 6376 
PshAI	5032 
PstI	6 304 4237 4305 6075 6522 
PvuI	1335 
PvuII	2772 4440 6754 
RcaI	759 864 1872 
SacI	4135 4243 4588 
SacII	4035 4223 
SapI	2709 
ScaI	1223 6908 
SmaI	5617 
SpeI	4769 6853 
SphI	3328 6376 
SspI	899 3694 
SstI	4135 4243 4588 
StuI	5170 
StyI	5171 6248 
XbaI	6628 
XhoI	123 4146 
XmaI	5615 
XmnI	1104 
