AccI	241 267 3545 5759 6464 
AflIII	190 280 2592 3120 5416 6165 6491 
Alw44I	535 1032 2278 5152 
ApaI	3000 5048 
AseI	1529 2764 2823 3630 
Asp718I	2990 
AvaI	123 4203 5672 
BamHI	3813 
BclI	6564 
BglI	1586 
BglII	5918 
BpmI	1635 4116 4404 4473 4524 5070 6543 
BpuAI	3413 
BsaAI	193 3953 4699 5417 
BstBI	7246 
BstXI	5965 6369 
Bsu36I	4688 
ClaI	3015 6560 6728 
DraI	309 1126 1818 1837 5770 5789 6256 6879 7197 
DraIII	3941 
DrdI	621 2490 4434 5145 
EaeI	1311 2753 3847 4280 5470 5955 6091 
EagI	3847 
Eco47III	6873 7492 
EcoRI	3032 
EcoRV	3028 5033 
FspI	1481 6005 7111 
HaeII	2352 2722 3933 4165 4221 6875 7494 
HincII	4439 4975 6699 
HindII	4439 4975 6699 
HindIII	3020 5340 5374 
KpnI	2994 
KspI	3966 4092 4280 
MfeI	4396 
MluI	6165 
MluNI	5472 
MscI	5472 
MunI	4396 
NaeI	6636 
NarI	4162 
NcoI	6305 
NdeI	390 3761 3824 
NsiI	208 
PaeI	3328 6433 
PshAI	5089 
PstI	6 304 4294 4362 6132 6579 
PvuI	1335 
PvuII	2772 4497 6811 
RcaI	759 864 1872 
SacI	4192 4300 4645 
SacII	3966 4092 4280 
SapI	2709 
ScaI	1223 6965 
SmaI	5674 
SpeI	4826 6910 
SphI	3328 6433 
SspI	899 3694 
SstI	4192 4300 4645 
StuI	5227 
StyI	5228 6305 
XbaI	6685 
XhoI	123 4203 
XmaI	5672 
XmnI	1104 
